0.1 0.1 3.5577777777777775 -90.88419732186917 207.78324337687403 136.1584089371506
0.1 0.1 7.015555555555554 -32.21401769565444 -93.54309055098629 147.5116630786958
0.1 0.1 10.473333333333331 134.31899887359944 -121.46030342193326 153.4426577507537
0.1 0.1 13.93111111111111 199.80817504760805 -154.00793519655883 142.1998865406596
0.1 0.1 17.38888888888889 130.50454203736336 -86.60011454595593 102.57642534340233
0.1 0.1 20.846666666666664 157.18422929888172 -96.640488359043 125.35340666161082
0.1 0.1 24.304444444444442 -79.59849905629572 129.03955440752165 125.45405162631087
0.1 0.1 27.76222222222222 137.57514382158823 149.90614777333016 -128.9778640603002
0.1 0.1 31.22 182.98951584061805 -131.77145750489362 -136.74818579312296
0.1 3.5577777777777775 0.1 159.19657421372673 -149.32112117978477 110.69510220126209
0.1 3.5577777777777775 3.5577777777777775 158.02132193990667 -130.19488365131306 -110.45302036617309
0.1 3.5577777777777775 7.015555555555554 170.0336549005246 132.23785691604743 180.88970400324425
0.1 3.5577777777777775 10.473333333333331 121.78286896171159 101.27616983342033 180.96849890627496
0.1 3.5577777777777775 13.93111111111111 -150.57084713929802 -154.47399715163994 147.08258170366406
0.1 3.5577777777777775 20.846666666666664 160.7960789922637 102.46013892860577 147.56266455844582
0.1 3.5577777777777775 24.304444444444442 145.91111925639638 101.41129312211622 128.24443706412765
0.1 3.5577777777777775 27.76222222222222 118.4111977559655 148.732595493113 -166.8406401686426
0.1 3.5577777777777775 31.22 -158.7691314276235 -116.7795160540441 -114.58517745429545
0.1 7.015555555555554 0.1 -50.05055521794783 149.44835278572788 130.8981733865745
0.1 7.015555555555554 7.015555555555554 -165.6073236052478 -173.76833191955916 -97.99584981492097
0.1 7.015555555555554 13.93111111111111 -150.87730102855534 -149.52739444766794 -195.60624292353504
0.1 7.015555555555554 17.38888888888889 177.29761387681557 -129.8328415813626 147.26746263931636
0.1 7.015555555555554 20.846666666666664 156.4584070813436 -64.91523372800795 -115.97013443201298
0.1 7.015555555555554 24.304444444444442 161.39906852508983 -137.13743717186912 -107.48635302629349
0.1 7.015555555555554 27.76222222222222 152.14249993146248 97.13456792730587 161.19811798113108
0.1 7.015555555555554 31.22 -123.05934454366778 -127.5372899466027 -123.72170912049137
0.1 10.473333333333331 0.1 -170.6317134193605 -124.53349095719692 -160.31780680966688
0.1 10.473333333333331 3.5577777777777775 145.21578141610223 122.81142240015632 -145.7019007033255
0.1 10.473333333333331 7.015555555555554 -145.7563964938922 -159.01199174893875 -106.79474769906797
0.1 10.473333333333331 10.473333333333331 -117.65451787070211 -101.91356113351992 -145.0226713019893
0.1 10.473333333333331 13.93111111111111 -191.45569773808458 128.85435251025274 -146.7132588882954
0.1 10.473333333333331 17.38888888888889 115.32829904816117 -190.72592551055385 -185.50783904850505
0.1 10.473333333333331 24.304444444444442 129.95559254389886 98.81743560379932 176.43111843607014
0.1 10.473333333333331 27.76222222222222 -130.03603137604625 145.55404327518553 165.59995700834793
0.1 10.473333333333331 31.22 240.22930013137142 146.65898993402985 174.59585522566027
0.1 13.93111111111111 0.1 122.80417222217305 -137.34497867650722 123.06966042727498
0.1 13.93111111111111 3.5577777777777775 143.1145405684953 -122.19564479543305 -150.25073618589204
0.1 13.93111111111111 10.473333333333331 78.84186197292024 98.70212822342695 -101.93902533478398
0.1 13.93111111111111 13.93111111111111 -81.34087978735532 -126.8950548225858 110.1100870536977
0.1 13.93111111111111 17.38888888888889 -133.7698240994391 170.15597805306058 166.28576791656974
0.1 13.93111111111111 20.846666666666664 128.77431898294816 -124.12897916303692 -107.6705788182565
0.1 13.93111111111111 24.304444444444442 126.82594054351942 121.10960926919395 -141.8467371041928
0.1 13.93111111111111 27.76222222222222 -121.54320990554366 132.6725453279028 113.99913211621353
0.1 13.93111111111111 31.22 71.58020602452373 72.03324786541906 -119.45351921067693
0.1 17.38888888888889 0.1 -128.54159278574724 147.73715820218126 125.47796052540819
0.1 17.38888888888889 3.5577777777777775 159.95460485196517 107.64773248415214 95.36804963425202
0.1 17.38888888888889 7.015555555555554 -101.86698389843676 167.92327312634725 149.8077614992585
0.1 17.38888888888889 13.93111111111111 -121.13591634048677 98.37253083850378 187.00160548246956
0.1 17.38888888888889 17.38888888888889 93.39905407685505 140.83115730030542 -100.80487694170772
0.1 17.38888888888889 20.846666666666664 -82.29642217350037 -115.68313503478144 -178.12401158219487
0.1 17.38888888888889 24.304444444444442 -136.81772534059436 -176.4185531416811 -129.31210117689218
0.1 17.38888888888889 31.22 116.23390736552453 -121.52713050442712 98.43727562462354
0.1 20.846666666666664 0.1 -171.97829872424293 -125.53321847374288 -91.9611656472822
0.1 20.846666666666664 3.5577777777777775 117.9247495379123 149.96197029985427 110.30220431658584
0.1 20.846666666666664 7.015555555555554 -124.41075466637437 -153.18405607402303 54.48976603195889
0.1 20.846666666666664 10.473333333333331 113.97781558277705 85.06004282661206 -134.30268811503552
0.1 20.846666666666664 13.93111111111111 106.33256483086626 145.14358005116642 162.34826944262673
0.1 20.846666666666664 17.38888888888889 110.60176729577887 -193.77104288042884 141.5351127407279
0.1 20.846666666666664 24.304444444444442 136.73149948540157 -191.6853268158463 122.85534172027403
0.1 20.846666666666664 27.76222222222222 -174.47680534651928 -149.44593877439848 126.49885567061632
0.1 20.846666666666664 31.22 120.89337216509745 152.3864803454582 158.72856612376106
0.1 24.304444444444442 0.1 132.00797411122085 74.46052773072766 -152.0265729263779
0.1 24.304444444444442 3.5577777777777775 -152.80476858690645 -159.61277222484742 -185.01224226250412
0.1 24.304444444444442 7.015555555555554 -54.878950531490084 135.32163402588375 -168.38597091238486
0.1 24.304444444444442 13.93111111111111 140.939343115279 -127.8325108566705 87.05898605782363
0.1 24.304444444444442 17.38888888888889 -120.27543414612646 90.25239499600478 -174.40270882610858
0.1 24.304444444444442 20.846666666666664 -102.82323350231654 152.54740607572572 136.36577353796866
0.1 24.304444444444442 24.304444444444442 -90.29968428438102 -196.71340426964122 130.32687702772895
0.1 24.304444444444442 27.76222222222222 138.92547196516855 -120.04262177160808 -146.9291361072284
0.1 24.304444444444442 31.22 179.77101318083524 111.15381383839313 -188.84177251057704
0.1 27.76222222222222 0.1 179.56093470130426 -129.17565540393127 -145.85090825115566
0.1 27.76222222222222 3.5577777777777775 115.10712489127444 -150.26120046483794 178.2874565255793
0.1 27.76222222222222 7.015555555555554 101.55140409327207 128.39468945768178 -80.74006137867342
0.1 27.76222222222222 10.473333333333331 -96.73985077256305 173.8412565332576 123.12373010895458
0.1 27.76222222222222 13.93111111111111 -181.340964792583 -106.42620862256469 -126.49726630832467
0.1 27.76222222222222 20.846666666666664 -149.25446158188817 -128.2107660953305 120.80933772872436
0.1 27.76222222222222 24.304444444444442 -92.8277007166033 -147.50981146058362 -180.97716777287303
0.1 27.76222222222222 27.76222222222222 -176.923746722806 -145.97864504902861 -88.98465274332953
0.1 27.76222222222222 31.22 -143.1343563164881 136.90211977492672 -145.58843601079099
0.1 31.22 0.1 193.27221233183778 -128.93364196727916 113.95904443321955
0.1 31.22 3.5577777777777775 181.951571487421 -147.0798594516086 28.143420633717902
0.1 31.22 7.015555555555554 105.64788489933242 161.43936359962458 123.6458437151328
0.1 31.22 10.473333333333331 -117.49769282610022 135.52639527112564 -136.0741226704034
0.1 31.22 13.93111111111111 -129.79011009829532 -115.0869045153922 -131.6816328340386
0.1 31.22 17.38888888888889 118.0972857777464 163.17350039933325 148.53354351316986
0.1 31.22 20.846666666666664 67.55024897024965 -185.59871559075532 106.60794585019349
0.1 31.22 24.304444444444442 73.24232023153368 -148.27580465534749 143.73184105775937
0.1 31.22 27.76222222222222 -117.25796890988396 139.34299729177224 138.9863587832084
0.1 31.22 31.22 178.68935878974378 -180.09525997847362 169.32237129446418
3.5577777777777775 0.1 0.1 165.30415136397963 155.55360877467328 -222.37634987126975
3.5577777777777775 0.1 7.015555555555554 154.22388086034132 -147.4261525023298 149.27711346998973
3.5577777777777775 0.1 10.473333333333331 96.5103932330627 150.26475863247975 -147.93308853536078
3.5577777777777775 0.1 13.93111111111111 -107.58849154989888 117.19486269370717 106.744213210166
3.5577777777777775 0.1 17.38888888888889 182.5154580354171 -137.38632873594995 -100.7178238155298
3.5577777777777775 0.1 20.846666666666664 -136.07439290146172 -156.4522009379653 -186.15948062063492
3.5577777777777775 0.1 24.304444444444442 -153.62800545354335 -134.47362711399688 152.19279914210122
3.5577777777777775 0.1 27.76222222222222 146.9218621109318 171.74963337035467 -134.58030737591176
3.5577777777777775 3.5577777777777775 0.1 -98.57005057412377 -123.70801968423578 -159.05008829033784
3.5577777777777775 3.5577777777777775 3.5577777777777775 -117.72022302429767 123.7724687646942 145.2514449063491
3.5577777777777775 3.5577777777777775 7.015555555555554 -134.5516504607505 -141.83291914696622 159.30651687823283
3.5577777777777775 3.5577777777777775 10.473333333333331 -143.0235540242931 160.3863671147359 -97.76453372977376
3.5577777777777775 3.5577777777777775 13.93111111111111 -176.5175557692187 215.35813939820858 158.61561571352684
3.5577777777777775 3.5577777777777775 17.38888888888889 -120.07203357685756 161.97420543728776 118.00853676460301
3.5577777777777775 3.5577777777777775 20.846666666666664 142.38532530541383 -150.4230527477207 -134.43559070112917
3.5577777777777775 3.5577777777777775 24.304444444444442 -141.95308679112648 -149.24860657346815 142.2626619728926
3.5577777777777775 3.5577777777777775 27.76222222222222 156.60559678273597 164.65560169778593 117.67560451805517
3.5577777777777775 3.5577777777777775 31.22 -136.27773343920913 -149.30765201942853 165.2508548854848
3.5577777777777775 7.015555555555554 3.5577777777777775 -137.737158024142 -195.78205824000509 -154.2502131802369
3.5577777777777775 7.015555555555554 7.015555555555554 -143.00069990516505 -101.75016997191854 -115.17979849352982
3.5577777777777775 7.015555555555554 10.473333333333331 132.65744924070518 -90.03334619923284 131.8860904406218
3.5577777777777775 7.015555555555554 13.93111111111111 -148.41117633788483 -90.65652957476249 149.9395833554555
3.5577777777777775 7.015555555555554 17.38888888888889 151.90784986552345 140.92370536163085 -156.27596993214812
3.5577777777777775 7.015555555555554 20.846666666666664 141.02641488145346 -173.60845473553056 100.7298217370854
3.5577777777777775 7.015555555555554 24.304444444444442 -159.73232012997036 -183.761552751607 -88.72125050543765
3.5577777777777775 7.015555555555554 27.76222222222222 -134.3300009382564 -118.0210271746006 142.27310801340371
3.5577777777777775 7.015555555555554 31.22 -161.48704925766293 -189.57674076655871 -183.90389601874259
3.5577777777777775 10.473333333333331 0.1 141.54926873632954 154.04449653730674 -170.42392852254682
3.5577777777777775 10.473333333333331 3.5577777777777775 -136.649715878357 167.11131814771463 160.21230258610794
3.5577777777777775 10.473333333333331 10.473333333333331 -90.98853769788056 166.25345553619422 -116.32526479110892
3.5577777777777775 10.473333333333331 13.93111111111111 160.73581428921977 -122.66232169820785 -156.91391260027154
3.5577777777777775 10.473333333333331 17.38888888888889 112.73133256382494 -210.00801370756088 164.80561367995986
3.5577777777777775 10.473333333333331 20.846666666666664 182.43838201685483 -120.6285294450827 -139.455366786139
3.5577777777777775 10.473333333333331 24.304444444444442 -136.64898056541412 -137.07595192159218 141.35443864583604
3.5577777777777775 10.473333333333331 27.76222222222222 -109.80474404889426 -138.7638193450174 -124.97830209889588
3.5577777777777775 10.473333333333331 31.22 106.73086462513956 -77.94996775086459 -153.27875019602902
3.5577777777777775 13.93111111111111 3.5577777777777775 159.14217343044007 192.31685915127892 -157.1258615490824
3.5577777777777775 13.93111111111111 7.015555555555554 -159.77796891347413 89.27225977872158 163.3167804154637
3.5577777777777775 13.93111111111111 10.473333333333331 118.32503299518751 -137.0219264778244 -130.98889280911953
3.5577777777777775 13.93111111111111 17.38888888888889 -167.95232433405099 -114.64493188340985 -127.5139527136984
3.5577777777777775 13.93111111111111 20.846666666666664 152.47199636255922 -189.63073925204552 143.6059312714139
3.5577777777777775 13.93111111111111 24.304444444444442 102.72220017659232 -118.10798723695359 101.64451215642362
3.5577777777777775 13.93111111111111 27.76222222222222 -144.61511086649995 132.6986984442151 179.1185091364285
3.5577777777777775 13.93111111111111 31.22 -93.15192485378256 -111.46350858144751 160.951407704266
3.5577777777777775 17.38888888888889 0.1 -108.74277910607199 104.24797318181241 157.70617671976655
3.5577777777777775 17.38888888888889 3.5577777777777775 89.77039394868785 162.84035390991042 130.87770068936084
3.5577777777777775 17.38888888888889 7.015555555555554 -188.2396610477679 143.69040411510582 235.4059622949143
3.5577777777777775 17.38888888888889 10.473333333333331 187.14367791089356 -128.1251635280065 -132.1234846611767
3.5577777777777775 17.38888888888889 13.93111111111111 143.86892334420736 -180.17334762628386 -168.57249453360728
3.5577777777777775 17.38888888888889 17.38888888888889 -108.30426806166197 -100.68145981113491 -135.61799236400026
3.5577777777777775 17.38888888888889 20.846666666666664 -53.45199473659606 138.2175456329937 -134.0072743688344
3.5577777777777775 17.38888888888889 27.76222222222222 -120.85472123781136 -149.2775713647652 153.51180756105157
3.5577777777777775 20.846666666666664 0.1 138.93138460007575 206.75333103979685 145.69410338852788
3.5577777777777775 20.846666666666664 7.015555555555554 -122.31694939266387 113.01731164533565 -94.34669774643403
3.5577777777777775 20.846666666666664 10.473333333333331 116.02388501011164 160.4998721127313 -107.54037083616254
3.5577777777777775 20.846666666666664 20.846666666666664 -112.43794040366598 -150.2687738960566 111.81739981635926
3.5577777777777775 20.846666666666664 24.304444444444442 129.4704903240881 92.9411925900132 -99.64773296984077
3.5577777777777775 20.846666666666664 27.76222222222222 -172.58220905888396 87.8587009498749 -186.25910406445638
3.5577777777777775 20.846666666666664 31.22 115.64323132848997 139.96578927707446 -103.9051663682899
3.5577777777777775 24.304444444444442 0.1 -143.26414053135125 -144.99128408351137 -153.84787180148814
3.5577777777777775 24.304444444444442 3.5577777777777775 147.6638845158089 87.36285718921322 105.98785045309106
3.5577777777777775 24.304444444444442 7.015555555555554 -92.85265336452139 -152.88308822132646 -94.0350482259978
3.5577777777777775 24.304444444444442 10.473333333333331 -139.7161971609627 113.15078282179381 119.26315830599448
3.5577777777777775 24.304444444444442 13.93111111111111 150.11350007202478 -125.02474977134297 -136.86149540856331
3.5577777777777775 24.304444444444442 17.38888888888889 -140.47424475454528 121.79183061914762 172.73429387952768
3.5577777777777775 24.304444444444442 20.846666666666664 165.65159549845202 149.36607570694466 204.65117124922418
3.5577777777777775 24.304444444444442 24.304444444444442 155.69639659525012 -121.56061699177357 102.38367821498987
3.5577777777777775 24.304444444444442 27.76222222222222 120.13024052280721 188.38936068356344 155.12635066764224
3.5577777777777775 24.304444444444442 31.22 -128.443342632402 126.60918892897732 -133.09395238446598
3.5577777777777775 27.76222222222222 0.1 -108.61513207071829 94.73832367047912 180.0864744992863
3.5577777777777775 27.76222222222222 7.015555555555554 -171.35191254166236 147.83488571731678 132.96668272499576
3.5577777777777775 27.76222222222222 10.473333333333331 -174.38429677231133 107.17491199434006 145.50145920912013
3.5577777777777775 27.76222222222222 13.93111111111111 162.396156343034 33.484229887251416 -101.7316948453044
3.5577777777777775 27.76222222222222 17.38888888888889 202.7547671773227 133.27834494358095 -108.52748343041316
3.5577777777777775 27.76222222222222 20.846666666666664 -122.8413354363571 130.0289328396442 169.88857764073217
3.5577777777777775 27.76222222222222 24.304444444444442 -110.9333243715763 -108.85977263386647 -130.60042644073314
3.5577777777777775 27.76222222222222 27.76222222222222 -149.37996819054854 -171.7530235531937 123.84090714653081
3.5577777777777775 27.76222222222222 31.22 -117.37047052482181 104.34036740277148 133.42316121603386
3.5577777777777775 31.22 0.1 -156.76865366782087 133.30561258279442 -124.38199819668321
3.5577777777777775 31.22 3.5577777777777775 134.9144782866595 -124.17961236159006 166.1909427235254
3.5577777777777775 31.22 7.015555555555554 -105.96499362230509 94.27012097510745 -157.84878741284038
3.5577777777777775 31.22 10.473333333333331 -135.50769223859018 -172.4221612120921 152.4245918359892
3.5577777777777775 31.22 13.93111111111111 170.29436630887224 151.71979145476192 -117.53761876955261
3.5577777777777775 31.22 17.38888888888889 103.35471800344678 161.54702013712492 196.2949638789464
3.5577777777777775 31.22 20.846666666666664 171.84725167223368 167.38077663861773 133.62050028349148
3.5577777777777775 31.22 24.304444444444442 -165.61180880931295 -166.40345249705967 -147.4506359499183
3.5577777777777775 31.22 27.76222222222222 182.8155838814401 153.30851697276162 -81.07877339037766
3.5577777777777775 31.22 31.22 -72.83188762072723 -174.23552218028067 -79.4302513820756
7.015555555555554 0.1 0.1 -170.2292644833593 -107.64290927945757 82.57299440868582
7.015555555555554 0.1 3.5577777777777775 137.12168105448788 -140.15320155396665 88.55987855841353
7.015555555555554 0.1 7.015555555555554 139.00123423454266 139.81645935250452 -149.42252154609298
7.015555555555554 0.1 10.473333333333331 -86.76472092954519 130.36234042524435 135.06154151662568
7.015555555555554 0.1 13.93111111111111 125.15514132071382 -139.74874123526791 -149.83253999439526
7.015555555555554 0.1 17.38888888888889 -153.7064173031607 -159.5090753922823 106.38045043430343
7.015555555555554 0.1 20.846666666666664 -77.52765084285791 186.7418976986444 -114.83160059702828
7.015555555555554 0.1 24.304444444444442 -144.16439416786133 -150.95359604524748 -106.47387566255848
7.015555555555554 0.1 27.76222222222222 -164.92195844269813 -133.79613343455236 -106.41415862155314
7.015555555555554 0.1 31.22 -165.800998440383 151.82227694666088 108.47402418336138
7.015555555555554 3.5577777777777775 0.1 -128.801256025248 -121.55888435964691 119.33445319754424
7.015555555555554 3.5577777777777775 3.5577777777777775 109.95822885942373 -135.51608546104865 -98.04537935835923
7.015555555555554 3.5577777777777775 7.015555555555554 -134.1306623703681 166.25120295524496 -107.1481559546067
7.015555555555554 3.5577777777777775 10.473333333333331 115.04013233859064 -181.17380158583256 135.25671433371204
7.015555555555554 3.5577777777777775 13.93111111111111 80.38878526408182 154.33535461538594 121.21791152585946
7.015555555555554 3.5577777777777775 17.38888888888889 -238.5011031769728 -148.29080524097049 -192.02907726947248
7.015555555555554 3.5577777777777775 20.846666666666664 150.4446799438835 -161.70041603462246 118.36676871683329
7.015555555555554 3.5577777777777775 24.304444444444442 109.66414413666875 176.24169016760408 108.60615283144816
7.015555555555554 3.5577777777777775 27.76222222222222 93.35667069681595 63.17932701885147 114.76725665475888
7.015555555555554 3.5577777777777775 31.22 -222.67480213878866 155.36122161309194 -115.09421276269872
7.015555555555554 7.015555555555554 0.1 -122.51770742759346 163.1922036346675 -179.26814094410528
7.015555555555554 7.015555555555554 3.5577777777777775 -127.2068537057525 147.4645648961095 105.31071117412179
7.015555555555554 7.015555555555554 7.015555555555554 -137.30384424293206 -152.54917459500368 76.59221249837474
7.015555555555554 7.015555555555554 10.473333333333331 -159.4143733543035 130.15161910395648 -140.77523966406682
7.015555555555554 7.015555555555554 13.93111111111111 127.9272687384595 120.17570397374307 -141.4645526635021
7.015555555555554 7.015555555555554 17.38888888888889 -144.3910938479578 162.8918694789254 -152.48151717850862
7.015555555555554 7.015555555555554 20.846666666666664 86.05634308948908 -133.03073958074816 108.13731521896776
7.015555555555554 7.015555555555554 24.304444444444442 -104.92134095345213 88.60166489347368 155.60059449998826
7.015555555555554 7.015555555555554 31.22 131.8739698271484 -91.97754755716355 144.767472855419
7.015555555555554 10.473333333333331 0.1 109.77662171127217 147.23723191161116 -174.38714265536487
7.015555555555554 10.473333333333331 3.5577777777777775 127.04210737477206 76.82665280455687 -85.11050437817268
7.015555555555554 10.473333333333331 7.015555555555554 146.54715940288654 -124.99955236539307 -132.0059445364199
7.015555555555554 10.473333333333331 10.473333333333331 -156.28376563741793 163.11337173482485 -161.63359433757392
7.015555555555554 10.473333333333331 17.38888888888889 160.53106378022426 128.76231238615873 96.43527664932556
7.015555555555554 10.473333333333331 27.76222222222222 -152.53957721665736 -121.12779558254528 -131.70138241576973
7.015555555555554 10.473333333333331 31.22 84.44516417307622 153.23915287239697 -65.16787972172979
7.015555555555554 13.93111111111111 0.1 -181.5480729574421 -66.11858008488286 79.6764045664881
7.015555555555554 13.93111111111111 3.5577777777777775 -172.941693610653 -81.19421339156574 100.28927311474501
7.015555555555554 13.93111111111111 7.015555555555554 132.1047377905878 -156.96057646048362 -183.30488642463743
7.015555555555554 13.93111111111111 10.473333333333331 -139.2926349591248 156.0485012691066 -123.73674074652472
7.015555555555554 13.93111111111111 13.93111111111111 -104.58083558098828 -119.07096690263447 87.26221174759633
7.015555555555554 13.93111111111111 17.38888888888889 -124.18139378533579 195.7901410026846 166.00582052208796
7.015555555555554 13.93111111111111 20.846666666666664 -159.47762732484662 138.12360319349608 127.29757370993727
7.015555555555554 13.93111111111111 24.304444444444442 -112.15140927995631 -100.05318734945058 -102.05046610511008
7.015555555555554 13.93111111111111 27.76222222222222 -153.7338734595673 -84.55717975192668 135.2403583118168
7.015555555555554 13.93111111111111 31.22 136.761897775498 111.79743917318932 -132.48739868628564
7.015555555555554 17.38888888888889 0.1 -195.99597428238607 -157.31225631806174 -164.7487105922753
7.015555555555554 17.38888888888889 3.5577777777777775 125.03146333494591 -140.6409539290474 119.95548052931834
7.015555555555554 17.38888888888889 10.473333333333331 127.55348558362509 -144.64733830713314 127.05428713152988
7.015555555555554 17.38888888888889 17.38888888888889 131.35427145023118 -152.07952748882752 151.45638205221843
7.015555555555554 17.38888888888889 20.846666666666664 -124.22916019109938 -96.35080076198204 106.14750025184262
7.015555555555554 17.38888888888889 24.304444444444442 111.45761909146765 -180.8041751389963 -99.982531660839
7.015555555555554 17.38888888888889 27.76222222222222 -129.20525626607238 181.01726137150348 -139.91596968531596
7.015555555555554 17.38888888888889 31.22 -176.94896252462686 -145.82954456807423 155.28242487339057
7.015555555555554 20.846666666666664 0.1 73.4973830971144 -135.3155388633967 -205.24336493909811
7.015555555555554 20.846666666666664 3.5577777777777775 140.6888756423042 -141.56756924440302 -154.06885502715647
7.015555555555554 20.846666666666664 7.015555555555554 134.04498595618878 140.46960774645274 88.61088246826378
7.015555555555554 20.846666666666664 10.473333333333331 -137.52244018586416 -147.62614708065328 165.54419843990476
7.015555555555554 20.846666666666664 13.93111111111111 119.94516929438292 123.78258592135619 140.67165557687392
7.015555555555554 20.846666666666664 17.38888888888889 216.54653808767603 141.9367719145149 150.86762603905987
7.015555555555554 20.846666666666664 20.846666666666664 126.86133817629765 -94.55581831712853 -100.3791337150898
7.015555555555554 20.846666666666664 27.76222222222222 -199.07216483915042 145.9767199981549 172.83519232671568
7.015555555555554 20.846666666666664 31.22 -150.90146772165133 143.49104908424405 -139.88770998850762
7.015555555555554 24.304444444444442 3.5577777777777775 186.2422204798445 -122.64264680397784 -150.4041024708835
7.015555555555554 24.304444444444442 7.015555555555554 -149.9088378509033 144.30774494938123 150.90341402119
7.015555555555554 24.304444444444442 10.473333333333331 -119.86557745128084 122.34041322234292 -154.19350034880182
7.015555555555554 24.304444444444442 13.93111111111111 136.27883150632317 148.39419988814373 -149.56874808872195
7.015555555555554 24.304444444444442 17.38888888888889 122.82625945277131 164.23550540356942 -118.23513558775188
7.015555555555554 24.304444444444442 20.846666666666664 174.3052070656144 175.68215902332585 -146.21636495584693
7.015555555555554 24.304444444444442 24.304444444444442 -71.95648863107057 157.6748122886244 100.92832736186426
7.015555555555554 24.304444444444442 27.76222222222222 99.46134083140625 128.42650788863548 -138.54062320714775
7.015555555555554 24.304444444444442 31.22 -164.1037064046928 157.8670222943281 123.96499445243894
7.015555555555554 27.76222222222222 0.1 -123.07806584173545 160.14354135797487 88.0724913365563
7.015555555555554 27.76222222222222 3.5577777777777775 -148.34926981249282 95.26549097431767 195.31964326673656
7.015555555555554 27.76222222222222 7.015555555555554 167.72788783833465 110.98304452431537 147.27955821252212
7.015555555555554 27.76222222222222 10.473333333333331 -81.02091754648465 142.12333422468654 186.21511387773714
7.015555555555554 27.76222222222222 13.93111111111111 -120.98810422420851 -118.69407985055328 96.18631831705422
7.015555555555554 27.76222222222222 17.38888888888889 167.96101711503738 135.96920863205838 -168.83724514906382
7.015555555555554 27.76222222222222 24.304444444444442 169.8990489094721 -146.83572252717923 -180.4917507991484
7.015555555555554 27.76222222222222 31.22 -178.3022635941588 124.66508015547474 -165.50444152301407
7.015555555555554 31.22 0.1 -129.54213254543356 106.8042828820064 -123.4607681775505
7.015555555555554 31.22 3.5577777777777775 -135.86501096285033 -164.87408878722908 -102.17964224003985
7.015555555555554 31.22 7.015555555555554 -151.11947886174838 -175.25899737393587 167.19348597684146
7.015555555555554 31.22 10.473333333333331 131.17152949456613 -224.4158451978565 -128.6457223250637
7.015555555555554 31.22 20.846666666666664 140.92339598152796 -172.31222202675622 -191.28349235265216
7.015555555555554 31.22 24.304444444444442 -190.55383933309847 -72.21172499832875 -170.91509537587828
7.015555555555554 31.22 31.22 -126.91811149697666 -124.7028106324883 -171.80765880841682
10.473333333333331 0.1 0.1 96.19944434467273 135.18837344113155 113.5181848192153
10.473333333333331 0.1 3.5577777777777775 111.69271339432333 -129.0358231863259 -133.20353279497112
10.473333333333331 0.1 10.473333333333331 -121.44328047590788 184.07367657028138 -122.31779222924762
10.473333333333331 0.1 17.38888888888889 132.23332806335378 188.9337442765599 -155.56391010992294
10.473333333333331 0.1 20.846666666666664 -153.86748884647713 -129.68144575254144 -117.82488616944667
10.473333333333331 0.1 24.304444444444442 145.05700538531866 114.06983978142343 -98.13947620957184
10.473333333333331 0.1 31.22 -145.7294729892992 88.68294800126887 189.88076764698118
10.473333333333331 3.5577777777777775 0.1 -114.98943237633627 121.69197393845711 153.340967258528
10.473333333333331 3.5577777777777775 3.5577777777777775 114.13446174111007 -125.43126616661809 -124.74379151327462
10.473333333333331 3.5577777777777775 7.015555555555554 -157.32409898804795 105.23774909877747 -155.93777649738448
10.473333333333331 3.5577777777777775 10.473333333333331 -153.18388071894742 -119.20775384553285 116.49914353801584
10.473333333333331 3.5577777777777775 13.93111111111111 -109.33927429934116 -119.5198963185975 130.29287862388392
10.473333333333331 3.5577777777777775 17.38888888888889 -124.99478668554677 -122.34218278840402 110.39764357383152
10.473333333333331 3.5577777777777775 20.846666666666664 95.58657012374829 82.66550935595596 -188.90861828106907
10.473333333333331 3.5577777777777775 24.304444444444442 -129.95422416358815 -78.36522766743704 -157.3557187035481
10.473333333333331 3.5577777777777775 27.76222222222222 127.34306881855096 -178.18831375462585 107.74189484455826
10.473333333333331 3.5577777777777775 31.22 148.8720373579197 128.73615524346994 -124.16119271341287
10.473333333333331 7.015555555555554 0.1 113.92963960156729 154.99666440284855 -194.67506958032106
10.473333333333331 7.015555555555554 3.5577777777777775 172.16219341641403 139.83272542835118 -159.658312762882
10.473333333333331 7.015555555555554 7.015555555555554 -160.08459920359115 -150.38149707375064 -139.8692504774922
10.473333333333331 7.015555555555554 10.473333333333331 -227.17815730287316 175.81936790910362 90.99018325333041
10.473333333333331 7.015555555555554 13.93111111111111 -164.9116027484855 106.59438935394947 220.70956955603114
10.473333333333331 7.015555555555554 17.38888888888889 111.28728463138253 150.5692603122661 162.471726336219
10.473333333333331 7.015555555555554 20.846666666666664 -145.23042642593097 -228.5864211769566 92.61038243428708
10.473333333333331 7.015555555555554 24.304444444444442 -130.13226534535548 -94.61029700115328 -144.04940565352308
10.473333333333331 7.015555555555554 27.76222222222222 -120.43800129234016 -107.0208235345617 107.93711275733416
10.473333333333331 10.473333333333331 3.5577777777777775 -152.24694070895973 160.1757587336446 -164.09542431130905
10.473333333333331 10.473333333333331 7.015555555555554 -100.70229313580288 -110.80537757446588 -111.92180161789784
10.473333333333331 10.473333333333331 10.473333333333331 140.97698854711552 -163.40141834736835 -118.70594351615514
10.473333333333331 10.473333333333331 13.93111111111111 -127.36008582018462 -161.3322288450084 146.75000767151496
10.473333333333331 10.473333333333331 17.38888888888889 -164.6425552987529 144.7342320823962 123.3146708918047
10.473333333333331 10.473333333333331 20.846666666666664 116.81928064267609 -146.8988504410472 138.58023666711557
10.473333333333331 10.473333333333331 24.304444444444442 -132.55960436429203 83.76817599434632 150.5971634861813
10.473333333333331 10.473333333333331 31.22 -128.43079980226122 156.47028580385157 143.50274141412987
10.473333333333331 13.93111111111111 0.1 137.3701821294132 -162.89533988327585 -148.88725126011073
10.473333333333331 13.93111111111111 3.5577777777777775 128.40093272120842 139.28472394215572 -154.56073133211933
10.473333333333331 13.93111111111111 7.015555555555554 -171.68660005640098 -98.8327075903659 185.21590065131997
10.473333333333331 13.93111111111111 13.93111111111111 -156.28634777234186 148.0910264706146 141.43395105904094
10.473333333333331 13.93111111111111 17.38888888888889 -119.69155343334667 110.06205718382319 -86.07545868974597
10.473333333333331 13.93111111111111 20.846666666666664 189.69226876950378 -122.8529763920901 76.63213447024451
10.473333333333331 13.93111111111111 24.304444444444442 -114.83870208956087 113.63607081174834 -102.53832081854371
10.473333333333331 13.93111111111111 27.76222222222222 134.77544637382528 -97.21280197487799 -110.4387474709411
10.473333333333331 13.93111111111111 31.22 -121.88414686134905 -132.85403781068706 103.60530602616852
10.473333333333331 17.38888888888889 0.1 -103.91313470961803 -138.9712261780368 144.68252061655966
10.473333333333331 17.38888888888889 3.5577777777777775 -153.64821474837143 132.47553192418818 -140.43933548387997
10.473333333333331 17.38888888888889 7.015555555555554 -167.71575851798113 183.5653761709098 -115.58998307022127
10.473333333333331 17.38888888888889 10.473333333333331 -87.57224306343748 -160.10031891051304 -126.92433792803203
10.473333333333331 17.38888888888889 13.93111111111111 106.30287299865859 70.61917951818735 -128.86919982212342
10.473333333333331 17.38888888888889 17.38888888888889 -176.96635958736837 113.6724215528682 -89.73012681883462
10.473333333333331 17.38888888888889 20.846666666666664 142.06225981352705 -151.5268523105498 129.1434098702988
10.473333333333331 17.38888888888889 27.76222222222222 -117.54518939554595 -151.1522315909503 150.19066517492473
10.473333333333331 17.38888888888889 31.22 -166.11753573501002 119.2950602574482 134.61574563622906
10.473333333333331 20.846666666666664 0.1 -150.13928103734366 165.5696879288821 -125.12839532973403
10.473333333333331 20.846666666666664 3.5577777777777775 -137.59206753274856 -129.01343465774835 126.88611913107577
10.473333333333331 20.846666666666664 7.015555555555554 163.8252389735327 -193.57399210016501 -166.86053745616928
10.473333333333331 20.846666666666664 10.473333333333331 173.69790416515724 105.16124805395464 -137.12349892451846
10.473333333333331 20.846666666666664 13.93111111111111 -116.94824642022606 -114.08296026656402 -143.77180854540214
10.473333333333331 20.846666666666664 20.846666666666664 205.8239062451233 104.5258936075233 139.47223297429147
10.473333333333331 20.846666666666664 24.304444444444442 -154.37018974918698 -178.99757326766718 74.00785263268553
10.473333333333331 20.846666666666664 27.76222222222222 150.20967975308116 195.54466644237274 143.47242017248
10.473333333333331 20.846666666666664 31.22 -123.0294062845283 141.23980078784177 159.18661324838155
10.473333333333331 24.304444444444442 0.1 -148.1842641965229 79.8076188763497 65.33776595448647
10.473333333333331 24.304444444444442 3.5577777777777775 151.26534170080112 140.55437951898145 109.0693726817108
10.473333333333331 24.304444444444442 7.015555555555554 -78.58089509358297 -139.89265523000165 110.53158423243465
10.473333333333331 24.304444444444442 13.93111111111111 -128.69395295424096 127.19727429013358 138.60530870325644
10.473333333333331 24.304444444444442 17.38888888888889 80.59766494608336 -136.91869053150714 -162.326851751885
10.473333333333331 24.304444444444442 20.846666666666664 -193.34719200403472 143.826005261469 121.53448864758369
10.473333333333331 24.304444444444442 24.304444444444442 178.6162765412514 -110.91130857478475 -161.74487743224017
10.473333333333331 27.76222222222222 0.1 -138.24266700285432 -157.56034076540206 139.43875080504256
10.473333333333331 27.76222222222222 3.5577777777777775 -155.03628172531637 -135.4323299629918 -133.04041698711026
10.473333333333331 27.76222222222222 7.015555555555554 -104.30032712511651 -199.06234019635951 -133.90854267993777
10.473333333333331 27.76222222222222 10.473333333333331 -131.0621862460945 145.98303438154744 -140.43318851870563
10.473333333333331 27.76222222222222 13.93111111111111 144.4276322494575 -146.50743224297415 114.76841168362682
10.473333333333331 27.76222222222222 17.38888888888889 -120.6854600963005 -134.27203335053585 -136.13011941849297
10.473333333333331 27.76222222222222 20.846666666666664 139.69087523975324 136.0685124419853 162.58620521244205
10.473333333333331 27.76222222222222 24.304444444444442 -140.99088738762347 149.39934795153022 -162.76506289778166
10.473333333333331 27.76222222222222 27.76222222222222 140.3352678551882 -121.70062898717079 114.88031299765369
10.473333333333331 27.76222222222222 31.22 106.61682077574572 -205.6328133686949 -183.47447181821352
10.473333333333331 31.22 3.5577777777777775 -115.20049314145396 -137.67125837267915 -163.34974062669488
10.473333333333331 31.22 7.015555555555554 -149.0639283795406 -128.08702156457693 -146.70482093985711
10.473333333333331 31.22 10.473333333333331 -119.32150611247734 -119.45460443434149 159.10405871892198
10.473333333333331 31.22 13.93111111111111 160.1772463283775 99.403429894476 -131.21748245855218
10.473333333333331 31.22 17.38888888888889 -160.95454940482543 -173.76398676857957 -185.60154509760326
10.473333333333331 31.22 20.846666666666664 97.51213293406623 138.22117837894254 111.89035840494049
10.473333333333331 31.22 24.304444444444442 -162.29268062429463 -128.53071052971185 -145.72253498219322
10.473333333333331 31.22 27.76222222222222 102.57969227341438 155.4817560448694 135.01411521317598
10.473333333333331 31.22 31.22 -203.60699240815146 130.1009343265702 -128.0832693930506
13.93111111111111 0.1 0.1 -136.69026376092813 -138.40677021235942 135.96147017555944
13.93111111111111 0.1 3.5577777777777775 131.97183487549788 97.15978716468452 165.30260629098382
13.93111111111111 0.1 7.015555555555554 87.3862413154434 104.80957136503642 -158.41581194494353
13.93111111111111 0.1 10.473333333333331 -147.8764218316181 -109.35513162509253 117.14204212350892
13.93111111111111 0.1 13.93111111111111 -120.12325340573973 -116.2898518463113 162.25548173036313
13.93111111111111 0.1 20.846666666666664 -135.22239416829495 -140.08529391506005 132.4232730788761
13.93111111111111 0.1 24.304444444444442 -123.70331800171306 -149.37745919500463 115.43095662453133
13.93111111111111 0.1 27.76222222222222 -161.14257502197924 -103.3255634159429 -109.25813091563984
13.93111111111111 0.1 31.22 169.17425720489007 -90.74544558572902 60.28926289863259
13.93111111111111 3.5577777777777775 3.5577777777777775 -91.2318922770104 -110.48871094114152 -155.07065051256936
13.93111111111111 3.5577777777777775 10.473333333333331 98.23540593420178 109.3843157781779 -164.85385216100096
13.93111111111111 3.5577777777777775 20.846666666666664 92.37320840183327 -160.30357670830543 -144.07985342283774
13.93111111111111 3.5577777777777775 24.304444444444442 -134.46791401003944 172.85099721087582 116.58665308409176
13.93111111111111 3.5577777777777775 27.76222222222222 125.42632251058745 -163.93633590102598 132.2366575490351
13.93111111111111 3.5577777777777775 31.22 164.70469249685257 124.13025391804328 -91.07763386425712
13.93111111111111 7.015555555555554 0.1 112.87352942270935 -170.03442008095348 160.2549582298909
13.93111111111111 7.015555555555554 3.5577777777777775 -124.68748842598522 -152.11294259980906 142.12624224835307
13.93111111111111 7.015555555555554 10.473333333333331 -165.09443959454657 149.52457392498494 -116.3359743538578
13.93111111111111 7.015555555555554 17.38888888888889 165.40939382070061 154.66042091468682 110.83576724800739
13.93111111111111 7.015555555555554 20.846666666666664 -155.76538086483694 -105.76050415791835 92.20704811396838
13.93111111111111 7.015555555555554 24.304444444444442 -130.49810751170318 -134.41165875875075 -84.4741035479038
13.93111111111111 7.015555555555554 27.76222222222222 -141.91937464730594 103.31129969018734 173.39335282145618
13.93111111111111 10.473333333333331 0.1 136.79686636432393 -133.80106843302505 -160.80525349672905
13.93111111111111 10.473333333333331 7.015555555555554 -167.1752091641164 148.57890335855228 -128.3675399141455
13.93111111111111 10.473333333333331 10.473333333333331 80.07954418642076 -128.00393422840884 147.93500891545568
13.93111111111111 10.473333333333331 13.93111111111111 132.37888258658708 -223.55565814848381 127.01814064893757
13.93111111111111 10.473333333333331 17.38888888888889 -107.29406767717796 83.87255792785619 125.3320002408259
13.93111111111111 10.473333333333331 20.846666666666664 105.09855629828773 123.50147645753667 -134.52983585252764
13.93111111111111 10.473333333333331 24.304444444444442 169.4887701362865 -158.99745331614184 189.5150098653733
13.93111111111111 10.473333333333331 27.76222222222222 125.94510731458087 -124.63210483545548 -143.35896517609092
13.93111111111111 10.473333333333331 31.22 164.91163139887908 164.33826162413203 -105.79276435330323
13.93111111111111 13.93111111111111 0.1 -121.41543479245415 152.14458160504552 -151.92987692400584
13.93111111111111 13.93111111111111 3.5577777777777775 92.2098434243732 87.83981051552256 -164.40176303241725
13.93111111111111 13.93111111111111 7.015555555555554 -182.49300911521206 -99.21032792981435 136.13110198254734
13.93111111111111 13.93111111111111 10.473333333333331 -201.90407288562972 145.20965870525163 134.44601585021468
13.93111111111111 13.93111111111111 20.846666666666664 157.58735009930794 -154.98231236163315 85.8764700750801
13.93111111111111 13.93111111111111 24.304444444444442 -121.29060113930733 150.2183989752606 123.51140304170038
13.93111111111111 13.93111111111111 27.76222222222222 -107.2580931815597 193.00174323191402 89.12194810446523
13.93111111111111 13.93111111111111 31.22 -103.9388762372041 -93.87551271623511 -173.6017750465012
13.93111111111111 17.38888888888889 0.1 -139.98153704139563 123.03032608408027 124.43296284660677
13.93111111111111 17.38888888888889 3.5577777777777775 -143.80441965475862 -159.70875702929052 -122.28380833532964
13.93111111111111 17.38888888888889 7.015555555555554 -96.86006413139071 -143.06700605873212 121.55475462574209
13.93111111111111 17.38888888888889 10.473333333333331 -66.0178940100491 -165.95815755240477 -170.3881980493004
13.93111111111111 17.38888888888889 13.93111111111111 -86.30340601433215 -109.18289803806371 -136.74928615556325
13.93111111111111 17.38888888888889 17.38888888888889 -131.9466693529106 -130.47735961784008 -143.5234532855087
13.93111111111111 17.38888888888889 20.846666666666664 -116.87989873937714 176.84158931105142 -126.09246807906415
13.93111111111111 17.38888888888889 24.304444444444442 132.67359620151666 133.28836524992766 121.4082201730075
13.93111111111111 17.38888888888889 27.76222222222222 -111.89114855837042 -125.51346267870709 -123.32034636795328
13.93111111111111 17.38888888888889 31.22 102.92490972827375 104.92511455331585 92.32607563561123
13.93111111111111 20.846666666666664 0.1 140.90819193321855 -158.9539328676094 -148.45537079546833
13.93111111111111 20.846666666666664 7.015555555555554 98.7628927483123 -164.32634270480116 167.6706782797988
13.93111111111111 20.846666666666664 10.473333333333331 138.74773348661228 95.45967723678523 138.49512382230986
13.93111111111111 20.846666666666664 13.93111111111111 -198.4003353506192 -152.88480986180835 118.7124199530252
13.93111111111111 20.846666666666664 17.38888888888889 -73.03919588196021 -138.78220122073364 74.16740478541551
13.93111111111111 20.846666666666664 27.76222222222222 170.3092320301759 -213.9929253805191 188.2379298588535
13.93111111111111 24.304444444444442 7.015555555555554 -169.2743952971924 -123.40808017531258 148.983778106031
13.93111111111111 24.304444444444442 10.473333333333331 -189.78243610922638 -194.35427854621648 -86.77753695973364
13.93111111111111 24.304444444444442 13.93111111111111 -144.14688196998006 112.08522136279572 -156.09303392587074
13.93111111111111 24.304444444444442 17.38888888888889 116.85628627744867 115.60102181481143 -143.55159918498973
13.93111111111111 24.304444444444442 20.846666666666664 151.4674051790834 -172.40344016892357 -170.7263764580166
13.93111111111111 24.304444444444442 24.304444444444442 128.20354998700935 -129.9289464751138 -116.7901052943346
13.93111111111111 24.304444444444442 27.76222222222222 74.24053320521304 96.01535540399375 178.67242405261064
13.93111111111111 24.304444444444442 31.22 143.88301323786803 111.84907964648976 -95.62288067556376
13.93111111111111 27.76222222222222 0.1 169.79402812451602 151.8019358531851 163.17589623482905
13.93111111111111 27.76222222222222 7.015555555555554 -138.224933721444 156.13165442997393 -154.91101953993885
13.93111111111111 27.76222222222222 10.473333333333331 129.90649125873742 162.62598191269257 -152.91048826573106
13.93111111111111 27.76222222222222 13.93111111111111 -131.75872541580273 121.76340366623143 -192.4796049350858
13.93111111111111 27.76222222222222 17.38888888888889 -114.09946649532087 109.59485845323881 142.09250626183044
13.93111111111111 27.76222222222222 20.846666666666664 -117.93854865903836 234.44844664347332 151.89294446140644
13.93111111111111 27.76222222222222 24.304444444444442 -175.50108957189974 140.23053760194293 -148.19540126939236
13.93111111111111 27.76222222222222 27.76222222222222 135.9371460235906 -148.75798146044403 128.58234015195086
13.93111111111111 27.76222222222222 31.22 -148.73826058826265 -196.47431125409818 135.6093557122203
13.93111111111111 31.22 0.1 94.1389369115664 -91.83687106340336 -127.46889831546072
13.93111111111111 31.22 7.015555555555554 -102.91154280358809 -167.1195881674834 124.65751112235678
13.93111111111111 31.22 10.473333333333331 -160.02316287353355 96.26872391386809 160.17335834504678
13.93111111111111 31.22 13.93111111111111 -143.67905773289772 -115.44697841150345 -136.00398159659665
13.93111111111111 31.22 17.38888888888889 -107.91087587327921 -159.9650216543459 -133.00376292618049
13.93111111111111 31.22 20.846666666666664 138.6861359427138 -138.75049868799604 195.2291647372603
13.93111111111111 31.22 24.304444444444442 -126.74121090984751 -109.74857290480965 -173.4605254551238
13.93111111111111 31.22 27.76222222222222 -100.80693321393056 -122.43705027608887 -161.52961332683776
13.93111111111111 31.22 31.22 181.82711473995008 131.03738471037846 -102.7912465047209
17.38888888888889 0.1 3.5577777777777775 -157.84245299019702 -54.8275123517129 156.44903102029375
17.38888888888889 0.1 7.015555555555554 -144.83971132620397 -164.9746565201068 -153.8311130854868
17.38888888888889 0.1 10.473333333333331 173.87207370046306 -161.6059782202134 -151.9731323354558
17.38888888888889 0.1 13.93111111111111 173.38267196101287 217.8536859669416 -204.42895646961236
17.38888888888889 0.1 17.38888888888889 179.47515496839586 92.31396151473645 183.4600502173913
17.38888888888889 0.1 20.846666666666664 -161.42160890299343 67.24751494750986 -206.69074679648557
17.38888888888889 0.1 24.304444444444442 -136.6751330440466 123.17885168741577 135.91377791630097
17.38888888888889 0.1 27.76222222222222 -148.6024452402094 -131.3453776870639 100.9622730938917
17.38888888888889 0.1 31.22 156.49822787606342 -140.97643597411616 93.71806992721525
17.38888888888889 3.5577777777777775 0.1 -80.87257809458494 112.86408328403995 -116.38335085122286
17.38888888888889 3.5577777777777775 3.5577777777777775 140.8838025036281 -115.48233877473133 74.28327714356638
17.38888888888889 3.5577777777777775 7.015555555555554 119.0461778609954 153.75524964522575 149.30979123950536
17.38888888888889 3.5577777777777775 10.473333333333331 173.05776151059965 -157.89542301834652 -121.95704319682527
17.38888888888889 3.5577777777777775 13.93111111111111 131.46201661955322 159.66138184866034 114.92858098585906
17.38888888888889 3.5577777777777775 17.38888888888889 144.97454806808744 -133.6211860383147 126.06009009315436
17.38888888888889 3.5577777777777775 20.846666666666664 151.7537099545228 -157.65175845676347 120.51605734687188
17.38888888888889 3.5577777777777775 24.304444444444442 222.63788506866283 151.91960877886794 141.55459049715424
17.38888888888889 3.5577777777777775 27.76222222222222 -140.1731571080944 -105.85296469385962 -182.55201303092727
17.38888888888889 3.5577777777777775 31.22 158.65488648707276 184.43872317646296 -118.40430929709277
17.38888888888889 7.015555555555554 0.1 134.6658055600714 -159.88292545407384 -123.80203590739636
17.38888888888889 7.015555555555554 3.5577777777777775 -92.09703004022857 -148.95458933671648 -86.41320383296667
17.38888888888889 7.015555555555554 7.015555555555554 -143.43411595034794 -96.89913891370037 117.5055522519946
17.38888888888889 7.015555555555554 10.473333333333331 -139.43912072041726 -148.35490066560553 81.42376925423181
17.38888888888889 7.015555555555554 13.93111111111111 112.06271644490255 -110.6285903158302 101.28148822509276
17.38888888888889 7.015555555555554 17.38888888888889 -132.89448665326918 -146.8261820606 98.3189262354013
17.38888888888889 7.015555555555554 24.304444444444442 -188.76990124100158 119.39600754790887 161.66576832496054
17.38888888888889 7.015555555555554 31.22 188.39261094931572 -171.70060007382313 130.42604331423948
17.38888888888889 10.473333333333331 0.1 -102.48130959213508 -151.8219728215811 195.32634986161065
17.38888888888889 10.473333333333331 3.5577777777777775 131.329858117865 -143.68865378903033 -148.30434972489118
17.38888888888889 10.473333333333331 7.015555555555554 -150.81676126354301 121.94707441814866 124.46400388257725
17.38888888888889 10.473333333333331 10.473333333333331 123.67977980101647 150.20157462988703 -125.63084333995236
17.38888888888889 10.473333333333331 13.93111111111111 -103.01830209742045 140.02511038453997 -144.28199872441047
17.38888888888889 10.473333333333331 17.38888888888889 -160.92725725597165 -137.14404837067235 -126.53039848043686
17.38888888888889 10.473333333333331 20.846666666666664 143.31202661224566 163.28527828243404 -141.69597523358095
17.38888888888889 10.473333333333331 24.304444444444442 -138.14729157773016 189.24098657765447 116.47446384114757
17.38888888888889 10.473333333333331 27.76222222222222 133.2904828934009 108.32162386013738 134.66351760732792
17.38888888888889 10.473333333333331 31.22 -80.23789075221126 130.3309791960177 -158.4351372220476
17.38888888888889 13.93111111111111 0.1 -105.89999543763373 -191.14302265541977 131.9958697860226
17.38888888888889 13.93111111111111 3.5577777777777775 119.42989781448885 -146.52244417709443 -154.16873074547104
17.38888888888889 13.93111111111111 7.015555555555554 96.4059593413283 -122.0429507807597 155.07238380461516
17.38888888888889 13.93111111111111 13.93111111111111 122.9609751006292 164.00197197434326 -183.17392997693344
17.38888888888889 13.93111111111111 17.38888888888889 -119.250532715029 142.77291100248192 -141.50373231856565
17.38888888888889 13.93111111111111 24.304444444444442 -130.47422035238606 -137.92242479176272 -104.87284804341418
17.38888888888889 13.93111111111111 27.76222222222222 165.27826780928066 138.59382131509918 173.2020133878229
17.38888888888889 13.93111111111111 31.22 -144.01237414360727 192.23994786008794 157.6805579041551
17.38888888888889 17.38888888888889 0.1 118.27164570798449 -94.35495226312136 84.25632362432707
17.38888888888889 17.38888888888889 3.5577777777777775 141.30755285077754 157.97484046694504 -157.2825578368787
17.38888888888889 17.38888888888889 7.015555555555554 81.20092714410787 123.22144059788634 94.96299540661872
17.38888888888889 17.38888888888889 10.473333333333331 106.15786060108822 132.5608550478371 -122.48288207150354
17.38888888888889 17.38888888888889 13.93111111111111 -168.0163666027694 104.99546145150799 160.47792117898828
17.38888888888889 17.38888888888889 17.38888888888889 -105.29973276922222 -147.12112516896448 -121.4854445955934
17.38888888888889 17.38888888888889 20.846666666666664 170.00160512527677 -172.49265327284976 -125.0883364631714
17.38888888888889 17.38888888888889 24.304444444444442 -168.93055999054897 -102.58401924436212 -111.59546360050425
17.38888888888889 20.846666666666664 3.5577777777777775 173.50122654723347 95.62324396747782 -129.153187721973
17.38888888888889 20.846666666666664 7.015555555555554 -126.14531646260228 141.3884291231436 -163.5575240041312
17.38888888888889 20.846666666666664 13.93111111111111 166.88468184665552 -151.5246951621375 124.1726022324502
17.38888888888889 20.846666666666664 17.38888888888889 -100.1184765125864 -130.81153642238425 -120.5838511020829
17.38888888888889 20.846666666666664 20.846666666666664 -139.7869096440916 143.33429129217907 156.94878321019974
17.38888888888889 20.846666666666664 24.304444444444442 -152.5605335715316 170.31850453323503 -147.25137930696206
17.38888888888889 20.846666666666664 27.76222222222222 -108.9282202698681 -198.8736489497097 -82.00401132829958
17.38888888888889 20.846666666666664 31.22 -207.64301633397827 151.19545069613602 -113.12945772724677
17.38888888888889 24.304444444444442 0.1 -161.78040042850773 -142.5157135337392 -88.4658491078923
17.38888888888889 24.304444444444442 3.5577777777777775 -143.95142089033433 -168.70585890641988 -98.92970122886162
17.38888888888889 24.304444444444442 10.473333333333331 -100.95986824089728 141.559028229331 120.37732656887769
17.38888888888889 24.304444444444442 13.93111111111111 126.11673741428129 -144.85627795551756 -146.4966555686048
17.38888888888889 24.304444444444442 17.38888888888889 147.35975748204262 -108.02996035955988 110.02258034223027
17.38888888888889 24.304444444444442 20.846666666666664 147.70519843766806 109.6701806357323 -168.86708636413576
17.38888888888889 24.304444444444442 24.304444444444442 -138.06556226418508 130.93791186788286 -120.37571388195386
17.38888888888889 24.304444444444442 27.76222222222222 -136.17551529327665 -94.54682510358896 121.55132412768636
17.38888888888889 24.304444444444442 31.22 -189.38283814833127 -121.14153678621393 -102.30511217842759
17.38888888888889 27.76222222222222 0.1 -113.80378729528785 119.65617669582551 153.83871767444083
17.38888888888889 27.76222222222222 3.5577777777777775 158.8795778903423 179.75094385602932 -132.9258827749303
17.38888888888889 27.76222222222222 7.015555555555554 -160.25185723045414 123.07397486643288 -78.43935019874287
17.38888888888889 27.76222222222222 10.473333333333331 155.54986185691496 -158.56654613790968 -136.5790305610218
17.38888888888889 27.76222222222222 13.93111111111111 78.20829784886976 199.93549312235214 133.5075863996871
17.38888888888889 27.76222222222222 17.38888888888889 -144.9311149259885 125.35122253869005 95.66842330102368
17.38888888888889 27.76222222222222 20.846666666666664 127.34871199925938 125.51580038598566 174.02381716044977
17.38888888888889 27.76222222222222 24.304444444444442 -86.1481878094906 96.95537989058946 153.26091698564258
17.38888888888889 27.76222222222222 27.76222222222222 116.56189459211028 -120.49709269021105 -99.65811818371668
17.38888888888889 27.76222222222222 31.22 122.35092138367719 -154.16591010270628 -182.50387857293728
17.38888888888889 31.22 0.1 79.57894050060548 118.61662603738631 -225.8493394373813
17.38888888888889 31.22 7.015555555555554 -99.75645819872126 -207.66078214807382 -124.99182076906584
17.38888888888889 31.22 10.473333333333331 -146.7626245162594 -103.9056854187144 -184.02978969048928
17.38888888888889 31.22 13.93111111111111 -136.4568864526742 135.54557562495563 -121.78365690260587
17.38888888888889 31.22 17.38888888888889 192.13095218515457 173.07753738791683 158.53463096517893
17.38888888888889 31.22 20.846666666666664 142.37406115769707 -113.42999048254542 136.27961484721985
17.38888888888889 31.22 24.304444444444442 -101.08766103502505 -194.11815071484207 -137.19765567070684
17.38888888888889 31.22 27.76222222222222 153.76078742403104 -153.6127878321128 135.15423699249456
20.846666666666664 0.1 0.1 -126.29854732771778 185.98122895074215 133.88660902286165
20.846666666666664 0.1 7.015555555555554 -123.62816707444357 138.35589328382076 -122.79518054692558
20.846666666666664 0.1 10.473333333333331 -127.34899663954172 142.89070131479667 129.11191502884583
20.846666666666664 0.1 13.93111111111111 -85.29976014971069 -89.55565859568813 144.4995253950092
20.846666666666664 0.1 17.38888888888889 110.91171479320181 -99.9976913180967 89.12719193515221
20.846666666666664 0.1 20.846666666666664 -187.32908901967923 128.53599272887308 145.66000254211733
20.846666666666664 0.1 24.304444444444442 169.00202031648135 -148.31305892442086 155.2417334658852
20.846666666666664 0.1 27.76222222222222 -109.41847738224062 -130.91874082044836 -109.1698251476481
20.846666666666664 0.1 31.22 170.53440784165093 -115.40219915773021 -143.59771908390778
20.846666666666664 3.5577777777777775 0.1 -156.114117540065 141.08786855462296 -141.74565093254984
20.846666666666664 3.5577777777777775 3.5577777777777775 -137.15500873653434 107.45766535225847 -142.55266967126727
20.846666666666664 3.5577777777777775 7.015555555555554 195.6875612632561 156.45311627692521 138.88521873410744
20.846666666666664 3.5577777777777775 10.473333333333331 -144.8401345305733 79.55096853385649 -117.21720152996676
20.846666666666664 3.5577777777777775 13.93111111111111 149.95279497377814 120.76249055549002 -93.2217504413437
20.846666666666664 3.5577777777777775 17.38888888888889 -106.90431358513842 176.37407568670446 -119.76155759396505
20.846666666666664 3.5577777777777775 20.846666666666664 -168.147771713106 195.351199129353 -118.33288720466584
20.846666666666664 3.5577777777777775 24.304444444444442 -169.97901753057008 -126.45869600812539 -108.8149389836974
20.846666666666664 3.5577777777777775 27.76222222222222 -80.06276960712599 -164.77791221996551 -89.11992477462218
20.846666666666664 3.5577777777777775 31.22 -176.24881925800952 111.7167697262612 -151.83979146966828
20.846666666666664 7.015555555555554 0.1 -116.43055681065101 137.38072647861424 171.19126194022544
20.846666666666664 7.015555555555554 3.5577777777777775 -110.24443589808001 118.11898469628908 122.4818058410651
20.846666666666664 7.015555555555554 7.015555555555554 -154.8889764612799 -128.7900172744706 126.33676274363968
20.846666666666664 7.015555555555554 13.93111111111111 223.62887115160447 94.7711203998479 168.7406175456249
20.846666666666664 7.015555555555554 17.38888888888889 -195.75034931285344 122.07473879922803 -129.84082843895382
20.846666666666664 7.015555555555554 20.846666666666664 -180.5242539389865 129.02112954609944 171.69076644122296
20.846666666666664 7.015555555555554 24.304444444444442 -149.33142769756358 97.63389909622593 99.58991276758988
20.846666666666664 7.015555555555554 31.22 -150.8381394726418 95.33028668134894 93.20733138577884
20.846666666666664 10.473333333333331 0.1 -106.3209655705387 163.29895828346076 160.3421710657585
20.846666666666664 10.473333333333331 7.015555555555554 129.25745872411784 137.95624716421676 177.81578663147062
20.846666666666664 10.473333333333331 10.473333333333331 106.3778021916907 -52.97093066823282 103.61590685446497
20.846666666666664 10.473333333333331 13.93111111111111 -117.22830582546095 -139.96425597095617 89.11862583048054
20.846666666666664 10.473333333333331 24.304444444444442 -101.08274963427867 -144.95591103317287 -161.58792049972018
20.846666666666664 10.473333333333331 27.76222222222222 -139.39485140574138 -138.88739770909234 -112.39891923986806
20.846666666666664 10.473333333333331 31.22 157.58153317019364 -137.65793662983046 153.3134300543489
20.846666666666664 13.93111111111111 3.5577777777777775 125.35288471594481 -175.60312006396194 83.27275777665832
20.846666666666664 13.93111111111111 7.015555555555554 -150.12426818316644 84.27677659858539 -133.8526761178198
20.846666666666664 13.93111111111111 10.473333333333331 -143.14456810481013 157.37630562391854 -127.90529599657111
20.846666666666664 13.93111111111111 13.93111111111111 -114.07973701661008 161.57987945185576 -138.65670046700606
20.846666666666664 13.93111111111111 17.38888888888889 -123.0843251725927 -123.61505630211069 -145.3380058478904
20.846666666666664 13.93111111111111 20.846666666666664 153.84765338037298 -166.15451061988426 -99.56567207633492
20.846666666666664 13.93111111111111 24.304444444444442 164.46292497146328 104.12355934513069 -101.01496849219413
20.846666666666664 13.93111111111111 27.76222222222222 -201.7903218015346 187.330517775034 -176.89063669831725
20.846666666666664 13.93111111111111 31.22 -114.39841119302648 139.64132079780634 124.05590203151695
20.846666666666664 17.38888888888889 0.1 120.29163496739604 -169.24840778347948 125.33735581436083
20.846666666666664 17.38888888888889 3.5577777777777775 -153.45858607020742 134.55517268095878 -126.031757773852
20.846666666666664 17.38888888888889 10.473333333333331 -129.10639799944133 155.6597637304757 132.33239053947352
20.846666666666664 17.38888888888889 13.93111111111111 -82.72811658448363 113.35096485046178 -115.91933401426365
20.846666666666664 17.38888888888889 17.38888888888889 -141.92079098125905 133.22537303595797 162.34905134846355
20.846666666666664 17.38888888888889 20.846666666666664 -122.36283252497967 -115.91096305872013 197.06725090730043
20.846666666666664 17.38888888888889 24.304444444444442 -117.79121614796448 124.81772733079181 -134.9543112059373
20.846666666666664 17.38888888888889 27.76222222222222 -89.61965990478049 -148.0291018492007 -114.11218475434616
20.846666666666664 17.38888888888889 31.22 -156.35369398473878 -149.67842510485517 -149.216240652789
20.846666666666664 20.846666666666664 0.1 -136.4998912476374 72.39444584627303 -117.66315237831373
20.846666666666664 20.846666666666664 3.5577777777777775 167.42894775180406 -122.25931033090268 -104.18808080166222
20.846666666666664 20.846666666666664 7.015555555555554 -177.51677761720694 -159.26161056878485 -140.6227261007836
20.846666666666664 20.846666666666664 10.473333333333331 -83.64948753224105 98.85468422192376 138.58746711107506
20.846666666666664 20.846666666666664 17.38888888888889 -183.89146188730442 -122.80739462813277 -115.44234457531036
20.846666666666664 20.846666666666664 27.76222222222222 -119.30157616970135 154.71254429400093 -142.8253999718507
20.846666666666664 20.846666666666664 31.22 105.07545434564062 157.5980817394176 -183.0456448562304
20.846666666666664 24.304444444444442 0.1 -134.47545708085684 -87.63321967903806 119.35472845509905
20.846666666666664 24.304444444444442 3.5577777777777775 107.55853227656333 111.2198788899033 122.66364125615542
20.846666666666664 24.304444444444442 7.015555555555554 -137.00579579305176 -170.08841181918106 -126.1694384508729
20.846666666666664 24.304444444444442 10.473333333333331 196.4932235038765 194.72986553936133 129.21563066532786
20.846666666666664 24.304444444444442 13.93111111111111 123.57690439129468 -132.64026973655197 181.1041232509804
20.846666666666664 24.304444444444442 17.38888888888889 121.19408880573515 145.01731003280287 -138.86479172423438
20.846666666666664 24.304444444444442 20.846666666666664 -106.41193610601992 76.7182033173435 95.88712370067887
20.846666666666664 24.304444444444442 24.304444444444442 -148.87703159427264 -183.91498035804594 137.44197982304533
20.846666666666664 24.304444444444442 27.76222222222222 164.66111887384287 107.71251991512678 104.2458815212397
20.846666666666664 27.76222222222222 0.1 -133.69360923040168 -186.79537713698417 -108.54248777761282
20.846666666666664 27.76222222222222 7.015555555555554 -127.81591276270825 98.26221552987398 89.64365657297176
20.846666666666664 27.76222222222222 10.473333333333331 -151.0624549192229 -140.5465831548847 -173.17955482061174
20.846666666666664 27.76222222222222 13.93111111111111 108.51665834933068 -100.62844747666901 136.20751253976155
20.846666666666664 27.76222222222222 17.38888888888889 144.16323634905365 148.03019800208557 -129.96484824831964
20.846666666666664 27.76222222222222 20.846666666666664 91.72421618803413 165.30641794275022 -113.75417663962523
20.846666666666664 27.76222222222222 24.304444444444442 -111.98392245993479 87.12085524565414 116.61340616558246
20.846666666666664 27.76222222222222 27.76222222222222 99.42090469280673 173.01098448345138 175.70017607570458
20.846666666666664 27.76222222222222 31.22 157.8274705012532 -182.78508741195375 -154.37026401301148
20.846666666666664 31.22 0.1 -157.2727543794648 -123.01784680281979 -138.6084377738583
20.846666666666664 31.22 3.5577777777777775 -151.65238661975886 -199.54414035262468 -119.91445472919305
20.846666666666664 31.22 7.015555555555554 -154.16672730959706 -151.544225243497 -161.3121134815376
20.846666666666664 31.22 10.473333333333331 150.15163069564477 -101.99263380675848 -180.987597649851
20.846666666666664 31.22 13.93111111111111 -120.02745128237443 -118.31157713192546 182.77114785165023
20.846666666666664 31.22 17.38888888888889 -159.0007416371962 -103.11218467560629 158.49956739052192
20.846666666666664 31.22 20.846666666666664 -131.2603115517395 74.2993127557151 157.81648653313593
20.846666666666664 31.22 24.304444444444442 -91.90239838128915 135.57837306998786 -164.6029482362893
20.846666666666664 31.22 27.76222222222222 118.83559516307722 94.11903704780846 170.35254477167456
20.846666666666664 31.22 31.22 -129.85630032651483 110.01223399854999 145.78683763161106
24.304444444444442 0.1 0.1 -57.29901009655237 94.66854479342963 -130.11194383548178
24.304444444444442 0.1 3.5577777777777775 -196.63579158778015 172.8977183288137 -173.81511991704414
24.304444444444442 0.1 7.015555555555554 180.84649328131744 -211.08658876867014 127.034788355664
24.304444444444442 0.1 13.93111111111111 -98.95119230236105 -83.66855182023538 127.14243037809048
24.304444444444442 0.1 17.38888888888889 177.48333907451985 -165.59159634005192 144.064170936117
24.304444444444442 0.1 20.846666666666664 -188.24910612959795 -155.28566951181696 142.86444175590265
24.304444444444442 0.1 24.304444444444442 91.5052730023894 -29.923509853760084 121.39944051150839
24.304444444444442 0.1 27.76222222222222 -125.2465006310398 181.78779119515292 -127.44802041497621
24.304444444444442 0.1 31.22 -173.74747376404898 -132.36505811439503 -107.08305271428536
24.304444444444442 3.5577777777777775 0.1 153.16561025288175 108.85439363953346 -150.83324369110807
24.304444444444442 3.5577777777777775 3.5577777777777775 -53.18184425918954 121.79754961348813 112.62314599583617
24.304444444444442 3.5577777777777775 7.015555555555554 -138.3134393758401 -132.7075188327074 -159.06288280813678
24.304444444444442 3.5577777777777775 10.473333333333331 81.30135372846874 -112.60381319404603 139.45595452724672
24.304444444444442 3.5577777777777775 13.93111111111111 -141.18541866987698 66.85965063138077 149.79661424456276
24.304444444444442 3.5577777777777775 20.846666666666664 -107.43281601672412 95.79521945760229 146.3261482524803
24.304444444444442 3.5577777777777775 27.76222222222222 -149.1475864456558 139.76226769462988 -112.32554404708272
24.304444444444442 3.5577777777777775 31.22 -160.7372841826608 -124.21527932485218 -161.32265715954026
24.304444444444442 7.015555555555554 0.1 -133.91218913198733 -178.94036823645433 -171.53707068269577
24.304444444444442 7.015555555555554 3.5577777777777775 179.59291787405175 -117.10774222604935 -138.42849063681462
24.304444444444442 7.015555555555554 7.015555555555554 127.18467962602628 112.0313938311644 127.53917399019397
24.304444444444442 7.015555555555554 10.473333333333331 95.87719902603119 -131.634774046995 -108.08059350105151
24.304444444444442 7.015555555555554 13.93111111111111 -162.82352199417258 -118.06303027920863 -97.91488723953208
24.304444444444442 7.015555555555554 17.38888888888889 -104.2231184546116 141.0899292680104 -125.73410243970028
24.304444444444442 7.015555555555554 24.304444444444442 -145.74123151596285 182.19763448142757 130.52441526445972
24.304444444444442 10.473333333333331 0.1 115.71605235018949 116.49285583836443 -168.5097158147645
24.304444444444442 10.473333333333331 3.5577777777777775 123.16378770620328 88.19418268039226 -100.66627760299885
24.304444444444442 10.473333333333331 7.015555555555554 153.03699523931814 -120.58448203586981 137.06905148964347
24.304444444444442 10.473333333333331 10.473333333333331 -68.08075040354798 -166.08415204971448 -172.56079431415225
24.304444444444442 10.473333333333331 17.38888888888889 -160.921255151599 178.07212007019714 -168.9357981836515
24.304444444444442 10.473333333333331 20.846666666666664 150.05587324192615 -144.59246175843535 -172.58025766249193
24.304444444444442 10.473333333333331 24.304444444444442 105.96779637557727 -135.5870672166373 165.04559400642214
24.304444444444442 10.473333333333331 27.76222222222222 -175.40038667838735 106.95305075263859 -144.7860085432491
24.304444444444442 10.473333333333331 31.22 164.83620349264578 -117.32180938890798 153.15751008669122
24.304444444444442 13.93111111111111 0.1 165.65590809911222 123.60187183053212 101.20747582446896
24.304444444444442 13.93111111111111 3.5577777777777775 91.74129271331158 -91.72924656550428 178.22370544250984
24.304444444444442 13.93111111111111 10.473333333333331 -140.1290813731911 -105.28082190799672 159.6806065485423
24.304444444444442 13.93111111111111 13.93111111111111 -134.37333346470513 -106.39174656906097 155.65918861777104
24.304444444444442 13.93111111111111 17.38888888888889 -138.24482512258857 -171.3425654201612 -141.11132299031885
24.304444444444442 13.93111111111111 20.846666666666664 -157.428384556639 120.96452191170945 144.24173482803232
24.304444444444442 13.93111111111111 24.304444444444442 -108.15879957942926 -150.78262122249282 178.14473146295708
24.304444444444442 13.93111111111111 27.76222222222222 83.77038414302751 105.80368310108639 102.16500508022341
24.304444444444442 13.93111111111111 31.22 172.867972186458 143.08224209622782 -161.16355473057763
24.304444444444442 17.38888888888889 0.1 -139.17345669261147 -144.4832548445522 169.0652713427697
24.304444444444442 17.38888888888889 3.5577777777777775 205.0099662773327 -153.49385618727683 166.63199320213957
24.304444444444442 17.38888888888889 7.015555555555554 155.4852660569778 -142.60123770239187 132.4795252476734
24.304444444444442 17.38888888888889 10.473333333333331 154.86867844446283 -190.0400679408313 -147.61192137455578
24.304444444444442 17.38888888888889 17.38888888888889 -139.3605683629618 140.09131922030755 -134.84419536016557
24.304444444444442 17.38888888888889 20.846666666666664 -122.52593373906832 -141.96507526684158 171.00619993141737
24.304444444444442 17.38888888888889 24.304444444444442 117.35484237666935 116.49006887254644 -157.99318292587768
24.304444444444442 17.38888888888889 27.76222222222222 -98.82638475359774 -93.17723720390298 -111.05048565092652
24.304444444444442 17.38888888888889 31.22 -144.63891131415497 -161.25616513947986 -135.09621667874788
24.304444444444442 20.846666666666664 0.1 -128.89023297416176 -111.25298481013178 -113.62401852814286
24.304444444444442 20.846666666666664 3.5577777777777775 -162.56594611382747 156.16400449980418 142.94788406030582
24.304444444444442 20.846666666666664 7.015555555555554 -131.6237592892151 -159.591015703176 -143.0409328643167
24.304444444444442 20.846666666666664 10.473333333333331 75.76062149771788 157.2432135076456 -187.05653134188685
24.304444444444442 20.846666666666664 13.93111111111111 -155.6214512808612 -98.02428542793292 111.5300286962921
24.304444444444442 20.846666666666664 17.38888888888889 137.90198513189043 128.70976489539385 137.9926379766632
24.304444444444442 20.846666666666664 20.846666666666664 -110.94537082976309 112.41265071334392 -169.11899631766624
24.304444444444442 20.846666666666664 24.304444444444442 -112.92383933753227 145.87282443848548 163.57117877568223
24.304444444444442 20.846666666666664 27.76222222222222 -86.97759239372877 173.33449682759328 85.97297434357002
24.304444444444442 20.846666666666664 31.22 -91.43371543067481 116.37394146363086 153.56723001691265
24.304444444444442 24.304444444444442 0.1 -122.58175152035092 -129.1087533506027 139.63234301901616
24.304444444444442 24.304444444444442 3.5577777777777775 -137.37202769449334 101.98460525159805 142.92984606869703
24.304444444444442 24.304444444444442 13.93111111111111 -148.50797797718883 -182.55612982837025 167.56005734709285
24.304444444444442 24.304444444444442 17.38888888888889 138.0083748021236 -153.56827770117752 166.35064138372522
24.304444444444442 24.304444444444442 20.846666666666664 131.9515798281903 71.3802092849794 -121.16805769329525
24.304444444444442 24.304444444444442 31.22 120.30780833933525 119.28935201533918 -113.82214809046411
24.304444444444442 27.76222222222222 0.1 -129.8681851344234 163.88186862777403 164.47133872486592
24.304444444444442 27.76222222222222 3.5577777777777775 134.45430543353564 142.34249047135623 -100.18658367928953
24.304444444444442 27.76222222222222 7.015555555555554 150.2270878716015 143.03026194340174 189.18189848778167
24.304444444444442 27.76222222222222 10.473333333333331 -128.23628361266384 96.97058659301449 126.09074847064143
24.304444444444442 27.76222222222222 13.93111111111111 -153.5282765660053 -147.3805758466238 124.77688220684183
24.304444444444442 27.76222222222222 17.38888888888889 -197.8768536596332 -128.68539521118458 -190.4727867199731
24.304444444444442 27.76222222222222 20.846666666666664 91.09751875143715 149.8884372823807 98.33995230439025
24.304444444444442 27.76222222222222 24.304444444444442 143.73744351838548 -136.91047384917474 193.41904452095443
24.304444444444442 27.76222222222222 27.76222222222222 -95.67471071735247 -117.02671737252095 142.77592786108377
24.304444444444442 27.76222222222222 31.22 -176.1900461446688 -109.21052065932061 -77.15569309899013
24.304444444444442 31.22 0.1 171.97665426656474 107.99346887939582 103.90622178660594
24.304444444444442 31.22 3.5577777777777775 -110.36825412698957 93.21380954618117 137.09491181043128
24.304444444444442 31.22 7.015555555555554 -136.1069179537328 175.16802807062982 145.52006787573936
24.304444444444442 31.22 13.93111111111111 -166.4317596967871 -132.53612168637284 -181.40887806749234
24.304444444444442 31.22 20.846666666666664 -79.07550174782165 182.4027764833027 158.77992701249462
24.304444444444442 31.22 27.76222222222222 127.42684388243309 -127.881167409976 -139.17026947254953
24.304444444444442 31.22 31.22 138.94124522204226 131.24075516055112 101.34673534662056
27.76222222222222 0.1 0.1 -155.59955685534302 118.87082889277411 149.14040003193256
27.76222222222222 0.1 3.5577777777777775 159.61335569358735 -170.59428273695977 135.28477152150535
27.76222222222222 0.1 7.015555555555554 -128.2466373176109 -183.8223579824738 143.2853463677728
27.76222222222222 0.1 10.473333333333331 -110.51491095324607 171.5932572892625 92.90540790934799
27.76222222222222 0.1 13.93111111111111 94.94347166408534 -135.1348399332698 -99.15251897518294
27.76222222222222 0.1 17.38888888888889 -171.73243298401917 -107.96819187719912 119.22277059274552
27.76222222222222 0.1 20.846666666666664 -137.33536941942745 -157.78621150461444 -139.3940525930961
27.76222222222222 0.1 24.304444444444442 150.0466000599936 -118.87917659598219 -113.06764910112638
27.76222222222222 0.1 27.76222222222222 137.59022171135447 -144.19432268893868 185.56841122932022
27.76222222222222 0.1 31.22 -85.326819940906 130.42722281169452 -92.61894432148586
27.76222222222222 3.5577777777777775 0.1 144.60359154590427 -126.07608846482717 -175.390833563678
27.76222222222222 3.5577777777777775 3.5577777777777775 95.12084920704564 -156.8694923244388 168.8363898887685
27.76222222222222 3.5577777777777775 7.015555555555554 -194.58409783001215 -226.17458915566584 -137.86837852088846
27.76222222222222 3.5577777777777775 10.473333333333331 -81.82245881138212 -81.92747334736573 120.29898194364443
27.76222222222222 3.5577777777777775 13.93111111111111 153.62001271969984 -78.17672401981892 157.75240521519402
27.76222222222222 3.5577777777777775 20.846666666666664 -88.79190277289692 143.63714470654728 -107.42268318655158
27.76222222222222 3.5577777777777775 24.304444444444442 97.94676806498472 141.8450246329153 -190.8940023568468
27.76222222222222 3.5577777777777775 27.76222222222222 195.45653517816734 -150.0286686279892 193.50325335252427
27.76222222222222 3.5577777777777775 31.22 131.42120886501687 -115.51816429586864 78.65279120779812
27.76222222222222 7.015555555555554 0.1 -153.477696045084 115.53878088345087 70.86644777823803
27.76222222222222 7.015555555555554 3.5577777777777775 162.2294488415997 -116.52120034241129 103.09910268131406
27.76222222222222 7.015555555555554 7.015555555555554 -157.8989110388317 -144.67826477028234 134.35417737311215
27.76222222222222 7.015555555555554 13.93111111111111 -130.75409255299493 133.4505357044822 161.89739027884949
27.76222222222222 7.015555555555554 17.38888888888889 183.33035162444725 -180.06584006473489 170.24071645259139
27.76222222222222 7.015555555555554 20.846666666666664 87.7048126822472 -87.04845332832429 -111.2486496655415
27.76222222222222 7.015555555555554 24.304444444444442 66.38916953387056 134.58397789106772 192.01524439280703
27.76222222222222 7.015555555555554 27.76222222222222 -127.22856106382167 -115.71715826642824 -93.5599722290218
27.76222222222222 7.015555555555554 31.22 129.4408562275098 -155.75962802020018 146.82769855694605
27.76222222222222 10.473333333333331 0.1 142.06522428070488 144.2653857841425 123.97195289848868
27.76222222222222 10.473333333333331 7.015555555555554 143.818744675735 -92.98301602488183 142.25696284025972
27.76222222222222 10.473333333333331 13.93111111111111 -83.86160325988125 -160.48649226076384 166.82893195316484
27.76222222222222 10.473333333333331 17.38888888888889 76.41162848674702 -191.61615571531766 -213.1484775281868
27.76222222222222 10.473333333333331 20.846666666666664 104.89613058156502 -150.57452882011984 126.3743615320568
27.76222222222222 10.473333333333331 27.76222222222222 -165.3409524011298 -132.09261168607208 -163.82188668025185
27.76222222222222 10.473333333333331 31.22 209.24001847283498 -91.2509809698728 122.429900087686
27.76222222222222 13.93111111111111 0.1 -138.62082918715672 172.79284412623844 196.27462231020192
27.76222222222222 13.93111111111111 3.5577777777777775 152.55989500378755 -150.70963483582491 170.6936802994145
27.76222222222222 13.93111111111111 7.015555555555554 -65.44301221753295 145.9658069650734 -149.656514271057
27.76222222222222 13.93111111111111 10.473333333333331 -143.00152627087076 -149.46686275372943 146.579750724395
27.76222222222222 13.93111111111111 13.93111111111111 -137.49157434176533 -133.4138538081834 -68.41347705119172
27.76222222222222 13.93111111111111 17.38888888888889 -133.28304299119714 128.5691085721616 -154.88775471659213
27.76222222222222 13.93111111111111 20.846666666666664 -152.99431067112005 132.18821163732744 140.58693480558892
27.76222222222222 13.93111111111111 24.304444444444442 -139.50407949500507 -166.8393897501834 -100.41268389553954
27.76222222222222 13.93111111111111 27.76222222222222 -115.86833849331533 -133.2758939410957 -152.89661417414197
27.76222222222222 13.93111111111111 31.22 135.30219285252923 152.20818019768052 -192.30203101864998
27.76222222222222 17.38888888888889 0.1 -140.88011171429696 -92.43947498479295 122.47211174886128
27.76222222222222 17.38888888888889 3.5577777777777775 166.9401035141215 93.11533885565646 -119.3175042904105
27.76222222222222 17.38888888888889 7.015555555555554 138.36418027192238 -89.97925802979175 -144.07421902732904
27.76222222222222 17.38888888888889 10.473333333333331 -104.44105348825606 -72.02859971073114 -118.59876643765304
27.76222222222222 17.38888888888889 17.38888888888889 125.47609793277091 -142.8878922154187 -90.10333699287497
27.76222222222222 17.38888888888889 20.846666666666664 89.33521086044608 -137.80352364342426 -143.68760734707573
27.76222222222222 17.38888888888889 27.76222222222222 139.66314834056547 -171.3681361957885 127.33562874773705
27.76222222222222 17.38888888888889 31.22 -105.4507830594325 -142.21961105175956 176.4609403247651
27.76222222222222 20.846666666666664 0.1 155.23049459374099 -82.57951032937416 121.89969886021244
27.76222222222222 20.846666666666664 3.5577777777777775 160.13651602430315 -147.8812938846263 104.06936398440331
27.76222222222222 20.846666666666664 10.473333333333331 -108.67774845206989 168.32790240067652 129.0808989563563
27.76222222222222 20.846666666666664 17.38888888888889 -92.84296586400768 127.45159632613854 164.48071369991274
27.76222222222222 20.846666666666664 20.846666666666664 -130.6518272028505 164.59794200438438 99.55241009144598
27.76222222222222 20.846666666666664 24.304444444444442 101.57194232035833 153.5236169195236 215.29176971732113
27.76222222222222 20.846666666666664 31.22 -97.38538639935199 75.66932716789991 136.31602971007612
27.76222222222222 24.304444444444442 0.1 168.67486408302844 166.13675260975205 -134.46622753428653
27.76222222222222 24.304444444444442 3.5577777777777775 85.58638849250933 201.39410991045256 -162.93961664019466
27.76222222222222 24.304444444444442 7.015555555555554 101.89119260114234 -85.71674272710173 135.21058729515656
27.76222222222222 24.304444444444442 10.473333333333331 153.91198159731357 -170.41853931375405 -172.74620953089996
27.76222222222222 24.304444444444442 13.93111111111111 -160.53707623155825 -100.74022582942783 191.90778566285007
27.76222222222222 24.304444444444442 17.38888888888889 129.98884134812693 -182.02540029215132 184.37311187354078
27.76222222222222 24.304444444444442 24.304444444444442 112.66121956504249 -104.2724758440499 -100.62696166012978
27.76222222222222 24.304444444444442 27.76222222222222 152.58936082180605 131.25358903154034 -155.17253227614833
27.76222222222222 24.304444444444442 31.22 151.72638955376982 -192.19142454832425 164.0831514230772
27.76222222222222 27.76222222222222 0.1 -126.92893049036137 -124.5059727215331 93.54188255699547
27.76222222222222 27.76222222222222 3.5577777777777775 -94.5519325064764 126.03806460712977 168.6149438232137
27.76222222222222 27.76222222222222 7.015555555555554 184.71103451093404 107.13891125096482 82.7496678141214
27.76222222222222 27.76222222222222 10.473333333333331 -131.38358837578534 173.95948598466302 -56.16017863149092
27.76222222222222 27.76222222222222 13.93111111111111 148.9680149134667 129.8356690009038 103.33864223788248
27.76222222222222 27.76222222222222 17.38888888888889 79.65584140710635 -101.24149683530374 135.0350952727828
27.76222222222222 27.76222222222222 20.846666666666664 123.26769312396692 130.02930440025634 111.62889919937355
27.76222222222222 27.76222222222222 24.304444444444442 -111.61381931468313 -129.51197573874612 128.43378485232506
27.76222222222222 27.76222222222222 27.76222222222222 -171.69059697284538 146.56054915924767 -107.8452254515514
27.76222222222222 27.76222222222222 31.22 122.29014725168628 169.35040624905116 -132.6476682965357
27.76222222222222 31.22 0.1 -165.9130802929279 -133.90949803604667 147.48643552723362
27.76222222222222 31.22 7.015555555555554 -132.34513807752498 -141.85471288337607 163.34391103996566
27.76222222222222 31.22 10.473333333333331 119.6220502820729 118.34542157064969 153.07244794172507
27.76222222222222 31.22 13.93111111111111 131.13021643708245 114.48847944820459 105.97764513751451
27.76222222222222 31.22 17.38888888888889 -142.51391849871942 -113.67736133354184 157.1272732181619
27.76222222222222 31.22 20.846666666666664 -137.47583764432525 144.90809142330266 144.2834091242178
27.76222222222222 31.22 24.304444444444442 -160.1652673133344 -155.11534398023088 80.3907392424381
31.22 0.1 3.5577777777777775 -126.21584781437961 -88.89192312483056 148.6667118894774
31.22 0.1 7.015555555555554 -205.19827510107632 -143.3272900892193 108.86755368538569
31.22 0.1 10.473333333333331 -140.88552810968784 -90.51613661435269 -138.07652416886347
31.22 0.1 13.93111111111111 -142.20076938609117 68.30494710992693 124.6439621088258
31.22 0.1 17.38888888888889 127.47719127279946 -124.62607928403271 -90.19940061079137
31.22 0.1 20.846666666666664 -106.40439228856131 117.59201193577888 -106.31720065928852
31.22 0.1 24.304444444444442 212.3632621934895 -199.61272803960742 131.88881342497453
31.22 0.1 27.76222222222222 151.6732659679153 -156.19877480541342 161.81072195625808
31.22 0.1 31.22 110.84226404017137 -127.95880619291796 127.44085729171067
31.22 3.5577777777777775 0.1 -111.48085387249493 -111.07659832345965 120.23856615623465
31.22 3.5577777777777775 3.5577777777777775 -134.7593401981001 -145.08712691543266 175.31632706180704
31.22 3.5577777777777775 7.015555555555554 -189.31013888177992 120.77839851060727 120.20336484454657
31.22 3.5577777777777775 10.473333333333331 93.40065599458505 165.67407608502796 -100.63364701480803
31.22 3.5577777777777775 13.93111111111111 155.04916351055056 141.6366585811415 -159.75612539784032
31.22 3.5577777777777775 17.38888888888889 -233.03310235275038 -128.8683124752987 -176.6584313715427
31.22 3.5577777777777775 20.846666666666664 -129.72538177671305 -142.82088174634978 148.57312036232017
31.22 3.5577777777777775 24.304444444444442 -141.90299095020399 126.36873908900567 220.15287421085827
31.22 3.5577777777777775 27.76222222222222 137.31963894638994 -161.46069889275603 152.13939368970514
31.22 3.5577777777777775 31.22 182.47633330122605 -169.0075224801183 126.6102152589563
31.22 7.015555555555554 3.5577777777777775 -84.05144689141784 159.25273315198098 106.59733291730984
31.22 7.015555555555554 7.015555555555554 129.87907198051946 -124.32896168663346 -139.41877381164372
31.22 7.015555555555554 10.473333333333331 -171.33990092179158 -129.11885533261145 105.1653287838099
31.22 7.015555555555554 13.93111111111111 -142.99650033538893 -113.30146319007319 -114.2308494394653
31.22 7.015555555555554 17.38888888888889 196.87376985032222 146.69773909361913 -159.37947092326195
31.22 7.015555555555554 20.846666666666664 -113.35587452162498 109.81945068545635 144.83102439365385
31.22 7.015555555555554 24.304444444444442 -129.47228375674072 -145.46157884517686 -133.82183058792728
31.22 10.473333333333331 0.1 125.74632873432503 51.15149560186394 -124.67988086875349
31.22 10.473333333333331 10.473333333333331 130.20279879630849 106.10526920011105 149.61215890024403
31.22 10.473333333333331 13.93111111111111 169.24579261643757 108.09107196058459 -134.6647980614954
31.22 10.473333333333331 17.38888888888889 60.34631609240617 -135.94274025833462 -107.17758943542923
31.22 10.473333333333331 20.846666666666664 109.54245831427224 -121.61854686103948 -91.64040090423157
31.22 10.473333333333331 24.304444444444442 -119.44881560693726 -165.21718771895448 137.7819791593156
31.22 10.473333333333331 31.22 -170.1564206507726 -168.83797471826372 -167.6117999989418
31.22 13.93111111111111 0.1 115.39508856740036 -134.744026061557 -145.97085057713858
31.22 13.93111111111111 3.5577777777777775 -132.9155727535646 -119.21793105123622 -121.51948506759955
31.22 13.93111111111111 7.015555555555554 -140.91892093003767 174.24043274942846 -80.89981647150195
31.22 13.93111111111111 10.473333333333331 131.14159279969857 -147.43789041717596 144.8692500029805
31.22 13.93111111111111 13.93111111111111 -86.27776046258633 123.47838209159941 166.74049831669245
31.22 13.93111111111111 17.38888888888889 126.77066810616203 148.4364340325021 167.5833195278091
31.22 13.93111111111111 20.846666666666664 68.6061743283261 172.14419563453617 127.7168318981277
31.22 13.93111111111111 27.76222222222222 -105.83026631365985 132.51645780376424 -105.81397387746478
31.22 13.93111111111111 31.22 -104.74033026525031 -98.58290112759421 -136.2876344817572
31.22 17.38888888888889 0.1 172.52599068398482 146.01781316012415 115.96866813989544
31.22 17.38888888888889 3.5577777777777775 -137.64086063603477 -213.42298364498097 -175.56267654771293
31.22 17.38888888888889 7.015555555555554 106.36387063228919 103.62427320549776 159.72611911680323
31.22 17.38888888888889 10.473333333333331 76.7082809235434 -143.04747352953626 162.14865757230473
31.22 17.38888888888889 13.93111111111111 129.82535104630077 -157.45921454604184 -128.99119047141315
31.22 17.38888888888889 17.38888888888889 -155.68262278300364 -106.98876517464096 143.86928018398567
31.22 17.38888888888889 20.846666666666664 -159.8683876335298 164.56608652452846 -70.35143300295944
31.22 17.38888888888889 24.304444444444442 76.43258505153824 -136.8412285842533 149.53456377886815
31.22 17.38888888888889 31.22 92.25017833826382 -117.97347885096575 -180.54929268677034
31.22 20.846666666666664 0.1 102.34651933762193 155.07725105691438 -134.0042354716773
31.22 20.846666666666664 3.5577777777777775 136.88776858788304 113.41471782336889 88.51770367318507
31.22 20.846666666666664 10.473333333333331 -169.81037038622395 -120.15352991839173 119.95442984072537
31.22 20.846666666666664 13.93111111111111 125.95522323604405 -120.22177675956445 -134.30050983431533
31.22 20.846666666666664 17.38888888888889 -148.5106116819632 -115.37721892182674 90.95683353966295
31.22 20.846666666666664 20.846666666666664 -145.58829362635782 -103.20136755076112 147.79637922542787
31.22 20.846666666666664 24.304444444444442 -139.9514616497867 135.46711686468703 125.07851861482237
31.22 20.846666666666664 27.76222222222222 133.8494002127372 -149.46235509057288 -133.0958607742729
31.22 20.846666666666664 31.22 166.4208129910281 -176.23461834182328 -130.65929546075688
31.22 24.304444444444442 0.1 -123.64045649877501 119.61770568073085 121.19229057529516
31.22 24.304444444444442 3.5577777777777775 -195.89741985021797 -119.33604534778028 -129.81919418112955
31.22 24.304444444444442 10.473333333333331 -156.83522815702167 128.8551225764299 -77.24920273511837
31.22 24.304444444444442 13.93111111111111 190.58426274415208 -163.76748204288484 111.77954214224275
31.22 24.304444444444442 20.846666666666664 -134.18670274714415 -130.25599130796854 -90.41349270692842
31.22 24.304444444444442 24.304444444444442 -96.31005769301356 -135.72644113397985 -116.21567689637116
31.22 24.304444444444442 27.76222222222222 -160.4547669225933 -171.00952448756794 -100.21881014108575
31.22 24.304444444444442 31.22 -139.90480647930386 199.12349621383692 -147.19838519973067
31.22 27.76222222222222 0.1 -172.45273748717204 -101.46839560247614 199.71858968058064
31.22 27.76222222222222 3.5577777777777775 -118.98682322199535 203.85452798707598 165.91169629410356
31.22 27.76222222222222 7.015555555555554 -186.67945901893358 85.64756731355116 138.38794034239947
31.22 27.76222222222222 10.473333333333331 -215.46019946802676 -126.47043958245021 115.32655119838078
31.22 27.76222222222222 13.93111111111111 -133.4174452307526 -136.13338795500516 135.12986188204002
31.22 27.76222222222222 17.38888888888889 182.53587667201342 -128.90361222906478 -141.3290034962091
31.22 27.76222222222222 20.846666666666664 177.61201603956965 153.33093254476842 -149.07518518003357
31.22 27.76222222222222 24.304444444444442 85.42676684801593 -140.7855424094666 109.1212072347586
31.22 27.76222222222222 27.76222222222222 128.76768356855843 156.22855207468277 144.9728369184208
31.22 27.76222222222222 31.22 -163.15926846922574 -182.37390643459642 -172.2284974153649
31.22 31.22 0.1 168.59402697138694 -166.92000597518123 139.97098409971449
31.22 31.22 3.5577777777777775 134.3631295294855 -148.83357123260362 133.85284432131803
31.22 31.22 7.015555555555554 -150.1297814735418 94.9833007990075 136.90670701131617
31.22 31.22 10.473333333333331 -149.29927572232313 -145.8645956836297 -107.43855156928612
31.22 31.22 17.38888888888889 126.32535867320793 103.72637824973546 -130.45936024546805
31.22 31.22 20.846666666666664 -142.48955418475688 -181.7285268352229 -155.07324476104853
31.22 31.22 24.304444444444442 105.73349206633482 -123.16892478216658 164.89005137289942
31.22 31.22 27.76222222222222 143.91490153727807 136.66934314825608 134.1033539611279
31.22 31.22 31.22 -149.14827719143625 -106.1544336917277 -105.43229565563936
